388.4985
517.998
776.997
1812.993
51.7998
776.997
1294.995
258.999
1553.994
776.997
8028.969
388.4985
1294.995
1942.4925
1294.995
1035.996
776.997
776.997
2330.991
1553.994
388.4985
5697.978
517.998
1553.994
1812.993
1035.996
517.998
1294.995
517.998
1294.995
2589.99
1424.4945
1812.993
517.998
7251.972
1035.996
3366.987
1812.993
2071.992
3107.988
11654.955
2330.991
5956.977
1294.995
3884.985
11654.955
2330.991
2071.992
1553.994
3107.988
4402.983
776.997
1553.994
2848.989
2330.991
1294.995
258.999
258.999
517.998
12949.95
9064.965
3625.986
5179.98
3107.988
258.999
2071.992
517.998
258.999
776.997
5179.98
4661.982
7769.97
517.998
1035.996
776.997
776.997
776.997
258.999
517.998
8287.968
776.997
4920.981
647.4975
1553.994
2589.99
3884.985
776.997
258.999
1812.993
776.997
6992.973
9841.962
1294.995
258.999
776.997
2848.989
4143.984
129.4995
388.4985
5697.978
207.1992
4661.982
1294.995
4402.983
776.997
7769.97
129.4995
1553.994
1294.995
3107.988
2071.992
2589.99
2330.991
4920.981
2071.992
2848.989
1553.994
2589.99
2071.992
3625.986
11654.955
2071.992
3107.988
7769.97
10100.961
6474.975
9841.962
1035.996
5179.98
4143.984
2071.992
4661.982
6992.973
4661.982
2330.991
2589.99
13726.947
1553.994
6215.976
1294.995
7251.972
7769.97
4661.982
1294.995
1553.994
6215.976
776.997
5438.979
14503.944
10359.96
10359.96
258.999
2589.99
2330.991
19424.925
6992.973
4402.983
19424.925
129.4995
1294.995
2330.991
5956.977
6215.976
16057.938
5697.978
27194.895
16316.937
776.997
4661.982
129.4995
10359.96
776.997
11654.955
1035.996
11395.956
1035.996
2848.989
517.998
8028.969
4920.981
19424.925
776.997
1294.995
776.997
517.998
14503.944
20201.922
388.4985
3366.987
181.2993
9841.962
1035.996
10359.96
31079.88
25899.9
4402.983
2071.992
2589.99
16316.937
32374.875
3107.988
9841.962
388.4985
517.998
517.998
11654.955
3884.985
12431.952
13985.946
3107.988
1294.995
2848.989
8287.968
21755.916
15280.941
6474.975
517.998
14244.945
1035.996
258.999
3366.987
2848.989
13726.947
8028.969
6474.975
29266.887
5438.979
2589.99
5697.978
517.998
10100.961
7769.97
3366.987
25122.903
25122.903
11913.954
20978.919
33669.87
14762.943
14244.945
1553.994
5956.977
19683.924
9841.962
10359.96
2589.99
9841.962
55166.787
21237.918
38849.85
24863.904
2589.99
12690.951
19424.925
40403.844
3107.988
25122.903
13208.949
41439.84
22532.913
8805.966
137269.47
5179.98
38849.85
517.998
4143.984
10877.958
517.998
30820.881
19165.926
32374.875
64749.75
15539.94
11654.955
8546.967
5438.979
33669.87
30820.881
42216.837
2848.989
41439.84
35741.862
10877.958
5179.98
5697.978
12949.95
18388.929
12949.95
10877.958
46101.822
9323.964
8287.968
6474.975
25899.9
8028.969
24345.906
29007.888
8546.967
16316.937
4143.984
29007.888
9582.963
5179.98
11654.955
24345.906
22532.913
3107.988
8028.969
6992.973
31079.88
7769.97
17093.934
6733.974
5956.977
22791.912
3884.985
50504.805
6733.974
14762.943
10359.96
6474.975
8546.967
25899.9
20719.92
12690.951
5697.978
8028.969
10359.96
6215.976
3884.985
9323.964
31597.878
11913.954
5697.978
3625.986
12172.953
12949.95
6992.973
4402.983
6215.976
25899.9
16057.938
8287.968
17870.931
51799.8
4402.983
11654.955
3107.988
3884.985
15539.94
8287.968
26676.897
9064.965
12172.953
8546.967
51799.8
36259.86
11654.955
121729.53
2589.99
4661.982
7251.972
16575.936
517.998
12431.952
40403.844
5956.977
33151.872
77699.7
10877.958
8287.968
9582.963
36259.86
23309.91
11913.954
9064.965
15539.94
9064.965
17870.931
8028.969
4402.983
9582.963
5956.977
10618.959
38849.85
51799.8
59569.77
90649.65
6733.974
7251.972
8287.968
2589.99
14503.944
36259.86
34187.868
20460.921
7769.97
18129.93
31079.88
12431.952
15539.94
2330.991
7769.97
36259.86
16316.937
39885.846
181.2993
11395.956
63454.755
2589.99
21237.918
56979.78
2097.8919
49209.81
54389.79
129.4995
8287.968
11654.955
12172.953
3366.987
7251.972
258.999
29266.887
29266.887
3107.988
7251.972
26417.898
46878.819
1553.994
2330.991
3625.986
28230.891
21755.916
4402.983
9841.962
15539.94
10618.959
10359.96
11654.955
50504.805
9582.963
1553.994
59569.77
1812.993
35741.862
16316.937
38849.85
5956.977
3366.987
14244.945
16575.936
10618.959
139859.46
15539.94
12949.95
26158.899
2071.992
2589.99
11913.954
29784.885
1294.995
20719.92
12690.951
3107.988
12949.95
5956.977
5956.977
75109.71
34187.868
28489.89
23309.91
87800.661
20719.92
7769.97
8287.968
12949.95
17093.934
38072.853
15280.941
16834.935
16834.935
4661.982
9064.965
25899.9
101009.61
19165.926
20719.92
2330.991
55684.785
27194.895
7251.972
9064.965
21755.916
8546.967
69929.73
6733.974
62159.76
53353.794
3884.985
45324.825
31079.88
5179.98
19424.925
23309.91
5697.978
4661.982
1812.993
4661.982
29784.885
17352.933
25381.902
5956.977
17870.931
12431.952
5697.978
20719.92
13208.949
1812.993
126650.511
4661.982
15539.94
12431.952
1165.4955
4402.983
4143.984
6215.976
10618.959
3366.987
8028.969
5697.978
6215.976
9064.965
2589.99
7251.972
6474.975
9064.965
2330.991
12690.951
1553.994
10877.958
2848.989
3625.986
5179.98
776.997
4920.981
776.997
9323.964
8287.968
12949.95
22532.913
776.997
1294.995
517.998
6733.974
5179.98
6474.975
3107.988
12431.952
4402.983
1942.4925
4661.982
4661.982
3884.985
15539.94
6733.974
7769.97
3107.988
7769.97
15539.94
9064.965
5179.98
7769.97
6215.976
2071.992
3884.985
6733.974
6992.973
6215.976
6992.973
5697.978
19165.926
12431.952
3366.987
6733.974
7769.97
1812.993
6992.973
4920.981
7769.97
2330.991
4920.981
1359.74475
