721
721
721
721
100
721
721
321
1283.00425322438
963
2787.19157119315
721
460
690
585
271
1143.35367326988
721
1286.97323358325
406
335
1899.68587245512
721
716
474
894
721
1205.7782963676
721
1125.23374214667
782
430
1200.63821835525
259
2746.47054038558
540
1582.53355925034
1125.23374214667
1198.23615007522
1897.77381277516
3357.78984308255
525
2026.58731187788
660
1793.46083001272
3374.72655229482
525
1077.59795001131
592
1911.88969085358
1893.7060234194
809
592
1238.24291034786
1308.20783869466
791
270
166
317
4096.8474871593
2790.37613415347
1883.16027923114
1889.6061184591
1987.17593974829
160
721
331
160
1244.10500384522
1943.19602642096
2068.2856776647
2686.10500384522
721
663
721
721
721
141
239
2727.49020132403
721
2082.21754558225
351
1263.66294548632
1228.8895479742
1993.14848838444
1213.68017558302
120
1285.49020132403
721
2661.42318361992
3524.61510501756
703
120
358
1351.41356581178
1949.66008923639
200
721
1954.24120520923
152
2008.45938332077
500
1965.30202568632
721
2803.43198600891
150
1139
1287.45938332077
2023.27116550868
721
1099.78975274692
558
1995.71179293517
1296.47389583009
681
1361.43198600891
1262.07908361387
800
2016.02348488891
3503.47450742185
1330.82949175429
2030.70780955915
2757.70870742766
3519.03446029133
2789.88351848095
3448.69431546137
1318.8119325619
1442
2054.92770916872
1344.77934662567
1846.2071511638
2795.89172980211
1997.79167677386
1344.77934662567
1347.88351848095
4218.40338418478
400
2751.38816561957
1323.73337358327
2800.58440035579
2714.32871483118
1991.85708648605
326
1189.83677464173
2728.91329086945
721
2010.82976245895
4245.71531740671
2981.9821711427
3480.19262226137
150
1332.58940327528
721
5687.85022151842
2654.87915075442
1902.34378626841
5165.16208519671
150
721
646.821958263687
2044.50266249595
2774.15536981298
4951.6960375374
1962.44334864708
7078.81582859027
4957.97595499939
721
2082.56815477732
150
3270.1938002802
721
3508.13094431163
1338.95077473573
3432.83892912685
1361.56815477732
751.762929975241
157
2679.49172664314
2083.21231238662
5034.16350415009
235
725.735789132847
1336.83449891796
157
3619.22178345043
5412.35902248302
721
2078.89833453701
150
3513.68358757676
721
3254.12918747745
7946.34581002947
6444.80797041612
1308.69058960789
1331.53189648267
1106.54516994078
4950.26986951698
7945.13527809758
1434.56369922195
2876.56369922195
178
155
237
3504.78300754599
2079.71804148904
4206.25145848098
4246.16273959671
2006.84533583448
592
851
2796.14144616976
5849.20767569014
3708.56371541241
2162.27699227115
973.669352586357
3630.80237876471
563.883444520724
973.669352586357
2014.6073310028
1303.56133463717
3655.13146904284
2241.01484677548
2168.21504740505
7183.59855077217
1284.88344452072
1339.25385693103
1346.83418404399
721
3469.87964110416
2185.0902818452
1500.43795971174
6479.51646523159
6518.31105485175
2858.08939420976
4858.96502440231
7930.27699227115
3715.56974777152
3523.2251479219
721
1957.04076523504
5032.68281808825
2929.18683382221
2681.35213344263
1325.16100895604
2874.03170154439
12992.2217834504
5039.76164745859
9245.1849547995
6847.43083699774
1320.35689701035
3642.84794762298
5199.04226436931
9975.14004168333
2083.21075403568
6500.25557739933
3616.32060577847
9954.45286994722
5601.53460541124
1954.52159091098
32400.3783028352
1442
9400.75050484271
721
2081.45051395009
3337.92276728017
721
7735.83689038956
5205.05971801498
7839.53245495771
15709.7320915144
4377.95681228305
2758.17153337804
2117.11113099095
1388.77943741017
7734.2876072373
7716.29201152217
9963.45221328912
1338.54917555952
10222.363101347
8463.31827277364
3517.50768884885
1956.70100016352
1326.51734488898
3491.08451746995
4312.67749333461
3775.1328745518
2829.4815701362
10685.9869806737
2702.59207819495
2753.3530893296
2802.36583062034
6492.60227930679
2180.13783995208
5451.566944328
7162.38952708134
1853.13034478995
4207.90178047918
1935.44755274878
7178.63539342154
2720.5752727409
1248.28492194126
2691.03341149086
5546.55778805025
5494.81829549271
1261.73113296818
1999.5752727409
1904.15151606978
7819.92976009573
2723.45951478063
4114.19525363152
1430
1365.0472917613
5667.2457962324
2019.61295057279
12394.8631726624
1904.15151606978
3454.31262056335
3396.35887534318
1374
1982.40930618116
6229.76281874149
5275.71612062983
3540.99565935831
1253.61680485272
1894.17444205392
2695.29339267624
2001.80308188164
1234.77987025318
2749.72886871951
7904.66549459713
2660.01930019626
1175.33560367454
2003.24919536636
3503.91518676514
3655.57232758623
1962.90920887847
1210.99372234591
1878.15981563714
6312.36586541829
4038.24023704234
1908.62842709011
4808.57780992794
11972.2912200324
1211.32527479424
2692.18044355895
2032.10642346608
2082.64411715976
4948.03198657072
2234.0040474326
6338.14248545054
1864.94582332795
2624.45180046176
2768.20495677153
12059.0371410941
8726.27840866419
2652.35594433483
28680.1969496897
355.27988870515
1681.48507038605
2631.24664129459
4642.13259318227
721
3351.4811366965
9852.55604626158
2081.51525478858
7811.18733114763
18550.5621221833
2513.86277047471
2759.37786556508
2772.40853431578
8538.84377394347
5535.41160511045
2819.62865158242
2553.28722140414
4895.81101448019
2098.62865158242
4025.48262543646
1792.86277047471
2030.31281430761
3425.82954846699
1865.69317351987
3425.82954846699
9412.28965328055
11984.9931311745
14257.408002375
21350.8541879086
2770.16751899343
2020.86859432275
1755.61225396432
1269.58974215472
3387.78874814275
8286.82792401377
8313.82327480214
5568.23928352148
2014.86245433846
3957.53747449166
7940.84580497617
3429.40288018509
3957.20813416696
998.884303930322
2801.75951145754
8334.52433258819
3991.33377309875
9684.94601784094
100
2682.80663260758
14876.546178651
1362.19557461227
5070.01398415462
13502.2626070516
605.351034327782
11252.2107897376
12676.9524840319
100
2049.89121479293
2703.13694197878
2526.89411685607
2083.19557461227
2804.19557461227
150
6889.52701191711
6897.35832768928
2075.33411723378
1975.16397418291
6982.18497611658
11235.9066311519
939.160083717302
795
2060.73137877103
6935.98239731732
5374.43790022894
2060.73137877103
2710.99253889857
4206.99717314338
2874.95700285576
2738.55352203533
2444.91362531884
11840.5314430115
3514.56628010135
530
14149.63663237
721
8350.79341252078
4331.95536423658
9133.42813182515
2042.6156423474
2017.8933695172
3447.51737003985
4145.63211605442
3512.30760826502
32830.5781983389
4041.02840191827
3365.9663088905
6215.89664136704
613
748
2653.2232653693
6987.84738737976
1321.6156423474
4932.82343485567
3556.34645717853
1411.46386271779
3300.37012761322
2056.28440255899
1970.83427687493
18619.9733594991
8394.44656779502
6659.16042886228
5518.35197078185
20628.9369285981
4884.11414702704
1897.3241937628
2793.0414598769
3725.90399873145
4258.32128527233
9125.97934486996
3392.33741733584
4078.36148827875
4131.83566709923
2041.52435307231
2762.52435307231
6399.05119260415
23278.0852039983
4363.2674731905
5562.36069671526
1336.16005686438
13484.8477958833
6327.04450472755
2802.94133855395
2045.16353998875
5577.79990434281
2786.60582871469
16560.0529217694
1915.59320967425
14964.3164673531
12871.919621618
2080.17055810857
10594.3946706141
7715.38215684935
2080.03347842186
4909.35814650241
5643.98831585083
1276.58967985615
979.769656360849
1360.14977105269
2082.93092589731
6681.98054389037
4187.8036859098
6335.92906602205
2082.27610149985
4309.40327438156
3422.60095431794
1273.32407798522
4876.38123653874
2884
845
30504.4833359647
1322.13967995716
4107.44711501994
3508.35696077704
545
1214.30641058203
1162.38251160949
2264.59941004529
3524.02840649443
1103.03930381883
2026.53873075941
1308.85882941389
1805.89411685607
1984.51241703827
1361.02840649443
2166.99476221392
2247.24876239652
1856.40358159217
626.419973513526
3468.32195588313
904.107524892582
3337.97004179614
723
2083.0628785218
1347.41997351353
192
1243.0360968785
310
2922.75981489383
2243.63527215121
3705.57575249233
5804.40451746745
914.857447178252
517
914.857447178252
2555.89344074306
1324.5679886517
2747.60680702154
1551.35547389535
3711.423571331
1371.23665070351
721
1634.48638458772
1837.20166858678
1837.20166858678
4787.89684810004
2607.61442478311
2372.75199199831
2051.01140841859
2403.57487571275
4343.33200205045
2286.59940937356
1727.74318127488
2614.13491623751
2609.83626437872
1340.9709495107
1786.58448855278
2670.8895479742
2752.48093660539
2728.38025335999
2470.87458425251
2018.48532563332
5376.64544315158
4106.03246763489
1906.28281839297
2707.89643737743
2620.41667306453
721
2573.41501563995
1813.96041914723
2706.38181499327
1173.88121824732
1986.89643737743
721
